-5e+01 -5e+01 -5e+01 -5e+01 -5e+01 -5e+01 -5e+01 -5e+01 -5e+01 -5e+01 -5e+01 -5e+01 -5e+01 -5e+01 -5e+01 -5e+01 -5e+01 -5e+01 -5e+01 -5e+01 -5e+01 -5e+01 -5e+01 -5e+01 -5e+01 -5e+01 -5e+01 -5e+01 -5e+01 -5e+01
-5e+01 -5e+01 -5e+01 -5e+01 -5e+01 -5e+01 -5e+01 -5e+01 -5e+01 -5e+01 -5e+01 -5e+01 -5e+01 -5e+01 -5e+01 -5e+01 -5e+01 -5e+01 -5e+01 -5e+01 -5e+01 -5e+01 -5e+01 -5e+01 -5e+01 -5e+01 -5e+01 -5e+01 -5e+01 -5e+01
-5e+01 -5e+01 -5e+01 -5e+01 -5e+01 -5e+01 -5e+01 -5e+01 -5e+01 -5e+01 -5e+01 -5e+01 -5e+01 -5e+01 -5e+01 -5e+01 -5e+01 -5e+01 -5e+01 -5e+01 -5e+01 -5e+01 -5e+01 -5e+01 -5e+01 -5e+01 -5e+01 -5e+01 -5e+01 -5e+01
-5e+01 -5e+01 -5e+01 -5e+01 -5e+01 -5e+01 -5e+01 -5e+01 -5e+01 -5e+01 -5e+01 -5e+01 -5e+01 -5e+01 -5e+01 -5e+01 -5e+01 -5e+01 -5e+01 -5e+01 -5e+01 -5e+01 -5e+01 -5e+01 -5e+01 -5e+01 -5e+01 -5e+01 -5e+01 -5e+01
-5e+01 -5e+01 -5e+01 -5e+01 -5e+01 -5e+01 -5e+01 -5e+01 -5e+01 -5e+01 0e+00 0e+00 0e+00 0e+00 0e+00 0e+00 0e+00 0e+00 0e+00 0e+00 0e+00 0e+00 -5e+01 -5e+01 -5e+01 -5e+01 -5e+01 -5e+01 -5e+01 -5e+01
-5e+01 -5e+01 -5e+01 -5e+01 -5e+01 -5e+01 -5e+01 -5e+01 0e+00 0e+00 0e+00 0e+00 0e+00 0e+00 0e+00 0e+00 0e+00 0e+00 0e+00 0e+00 0e+00 0e+00 -5e+01 -5e+01 -5e+01 -5e+01 -5e+01 -5e+01 -5e+01 -5e+01
-5e+01 -5e+01 -5e+01 -5e+01 -5e+01 -5e+01 -5e+01 -5e+01 0e+00 0e+00 0e+00 0e+00 0e+00 0e+00 0e+00 0e+00 0e+00 0e+00 0e+00 0e+00 0e+00 0e+00 -5e+01 -5e+01 -5e+01 -5e+01 -5e+01 -5e+01 -5e+01 -5e+01
-5e+01 -5e+01 -5e+01 -5e+01 -5e+01 -5e+01 -5e+01 -5e+01 0e+00 0e+00 0e+00 0e+00 0e+00 0e+00 0e+00 0e+00 0e+00 0e+00 0e+00 0e+00 0e+00 0e+00 -5e+01 -5e+01 -5e+01 -5e+01 -5e+01 -5e+01 -5e+01 -5e+01
-5e+01 -5e+01 -5e+01 -5e+01 -5e+01 -5e+01 -5e+01 0e+00 0e+00 0e+00 0e+00 0e+00 0e+00 0e+00 0e+00 0e+00 0e+00 0e+00 0e+00 0e+00 0e+00 0e+00 -5e+01 -5e+01 -5e+01 -5e+01 -5e+01 -5e+01 -5e+01 -5e+01
-5e+01 -5e+01 -5e+01 -5e+01 -5e+01 -5e+01 -5e+01 0e+00 0e+00 0e+00 0e+00 0e+00 0e+00 0e+00 0e+00 0e+00 0e+00 0e+00 0e+00 0e+00 0e+00 0e+00 -5e+01 -5e+01 -5e+01 -5e+01 -5e+01 -5e+01 -5e+01 -5e+01
-5e+01 -5e+01 -5e+01 -5e+01 -5e+01 -5e+01 -5e+01 0e+00 0e+00 0e+00 0e+00 0e+00 0e+00 0e+00 0e+00 0e+00 0e+00 0e+00 0e+00 -5e+01 -5e+01 -5e+01 -5e+01 -5e+01 -5e+01 -5e+01 -5e+01 -5e+01 -5e+01 -5e+01
-5e+01 -5e+01 -5e+01 -5e+01 -5e+01 -5e+01 -5e+01 0e+00 0e+00 0e+00 0e+00 0e+00 0e+00 0e+00 0e+00 0e+00 0e+00 0e+00 -5e+01 -5e+01 -5e+01 -5e+01 -5e+01 -5e+01 -5e+01 -5e+01 -5e+01 -5e+01 -5e+01 -5e+01
-5e+01 -5e+01 -5e+01 -5e+01 -5e+01 -5e+01 -5e+01 0e+00 0e+00 0e+00 0e+00 0e+00 0e+00 0e+00 0e+00 0e+00 0e+00 -5e+01 -5e+01 -5e+01 -5e+01 -5e+01 -5e+01 -5e+01 -5e+01 -5e+01 -5e+01 -5e+01 -5e+01 -5e+01
-5e+01 -5e+01 -5e+01 -5e+01 -5e+01 -5e+01 -5e+01 0e+00 0e+00 0e+00 0e+00 0e+00 0e+00 0e+00 0e+00 0e+00 0e+00 -5e+01 -5e+01 -5e+01 -5e+01 -5e+01 -5e+01 -5e+01 -5e+01 -5e+01 -5e+01 -5e+01 -5e+01 -5e+01
-5e+01 -5e+01 -5e+01 -5e+01 -5e+01 -5e+01 -5e+01 0e+00 0e+00 0e+00 0e+00 0e+00 0e+00 0e+00 0e+00 0e+00 0e+00 -5e+01 -5e+01 -5e+01 -5e+01 -5e+01 -5e+01 -5e+01 -5e+01 -5e+01 -5e+01 -5e+01 -5e+01 -5e+01
-5e+01 -5e+01 -5e+01 -5e+01 -5e+01 -5e+01 -5e+01 0e+00 0e+00 0e+00 0e+00 0e+00 0e+00 0e+00 0e+00 0e+00 -5e+01 -5e+01 -5e+01 -5e+01 -5e+01 -5e+01 -5e+01 -5e+01 -5e+01 -5e+01 -5e+01 -5e+01 -5e+01 -5e+01
-5e+01 -5e+01 -5e+01 -5e+01 -5e+01 -5e+01 -5e+01 0e+00 0e+00 0e+00 0e+00 0e+00 0e+00 0e+00 0e+00 0e+00 -5e+01 -5e+01 -5e+01 -5e+01 -5e+01 -5e+01 -5e+01 -5e+01 -5e+01 -5e+01 -5e+01 -5e+01 -5e+01 -5e+01
-5e+01 -5e+01 -5e+01 -5e+01 -5e+01 -5e+01 -5e+01 0e+00 0e+00 0e+00 0e+00 0e+00 0e+00 0e+00 0e+00 0e+00 -5e+01 -5e+01 -5e+01 -5e+01 -5e+01 -5e+01 -5e+01 -5e+01 -5e+01 -5e+01 -5e+01 -5e+01 -5e+01 -5e+01
-5e+01 -5e+01 -5e+01 -5e+01 -5e+01 -5e+01 -5e+01 0e+00 0e+00 0e+00 0e+00 0e+00 0e+00 0e+00 0e+00 0e+00 -5e+01 -5e+01 -5e+01 -5e+01 -5e+01 -5e+01 -5e+01 -5e+01 -5e+01 -5e+01 -5e+01 -5e+01 -5e+01 -5e+01
-5e+01 -5e+01 -5e+01 -5e+01 -5e+01 -5e+01 -5e+01 0e+00 0e+00 0e+00 0e+00 0e+00 0e+00 0e+00 0e+00 0e+00 -5e+01 -5e+01 -5e+01 -5e+01 -5e+01 -5e+01 -5e+01 -5e+01 -5e+01 -5e+01 -5e+01 -5e+01 -5e+01 -5e+01
-5e+01 -5e+01 -5e+01 -5e+01 -5e+01 -5e+01 0e+00 0e+00 0e+00 0e+00 0e+00 0e+00 0e+00 0e+00 0e+00 0e+00 -5e+01 -5e+01 -5e+01 -5e+01 -5e+01 -5e+01 -5e+01 -5e+01 -5e+01 -5e+01 -5e+01 -5e+01 -5e+01 -5e+01
-5e+01 -5e+01 -5e+01 -5e+01 -5e+01 -5e+01 0e+00 0e+00 0e+00 0e+00 0e+00 0e+00 0e+00 0e+00 0e+00 0e+00 -5e+01 -5e+01 -5e+01 -5e+01 -5e+01 -5e+01 -5e+01 -5e+01 -5e+01 -5e+01 -5e+01 -5e+01 -5e+01 -5e+01
-5e+01 -5e+01 -5e+01 -5e+01 -5e+01 -5e+01 0e+00 0e+00 0e+00 0e+00 0e+00 0e+00 0e+00 0e+00 0e+00 0e+00 -5e+01 -5e+01 -5e+01 -5e+01 -5e+01 -5e+01 -5e+01 -5e+01 -5e+01 -5e+01 -5e+01 -5e+01 -5e+01 -5e+01
-5e+01 -5e+01 -5e+01 -5e+01 -5e+01 -5e+01 0e+00 0e+00 0e+00 0e+00 0e+00 0e+00 0e+00 0e+00 0e+00 0e+00 -5e+01 -5e+01 -5e+01 -5e+01 -5e+01 -5e+01 -5e+01 -5e+01 -5e+01 -5e+01 -5e+01 -5e+01 -5e+01 -5e+01
-5e+01 -5e+01 -5e+01 -5e+01 -5e+01 0e+00 0e+00 0e+00 0e+00 0e+00 0e+00 0e+00 0e+00 0e+00 0e+00 0e+00 -5e+01 -5e+01 -5e+01 -5e+01 -5e+01 -5e+01 -5e+01 -5e+01 -5e+01 -5e+01 -5e+01 -5e+01 -5e+01 -5e+01
-5e+01 -5e+01 -5e+01 -5e+01 -5e+01 0e+00 0e+00 0e+00 0e+00 0e+00 0e+00 0e+00 0e+00 0e+00 0e+00 0e+00 -5e+01 -5e+01 -5e+01 -5e+01 -5e+01 -5e+01 -5e+01 -5e+01 -5e+01 -5e+01 -5e+01 -5e+01 -5e+01 -5e+01
-5e+01 -5e+01 -5e+01 -5e+01 -5e+01 0e+00 0e+00 0e+00 0e+00 0e+00 0e+00 0e+00 0e+00 0e+00 0e+00 0e+00 0e+00 -5e+01 -5e+01 -5e+01 -5e+01 -5e+01 -5e+01 -5e+01 -5e+01 -5e+01 -5e+01 -5e+01 -5e+01 -5e+01
-5e+01 -5e+01 -5e+01 -5e+01 -5e+01 -5e+01 -5e+01 -5e+01 -5e+01 -5e+01 -5e+01 -5e+01 -5e+01 -5e+01 -5e+01 -5e+01 -5e+01 -5e+01 -5e+01 -5e+01 -5e+01 -5e+01 -5e+01 -5e+01 -5e+01 -5e+01 -5e+01 -5e+01 -5e+01 -5e+01
-5e+01 -5e+01 -5e+01 -5e+01 -5e+01 -5e+01 -5e+01 -5e+01 -5e+01 -5e+01 -5e+01 -5e+01 -5e+01 -5e+01 -5e+01 -5e+01 -5e+01 -5e+01 -5e+01 -5e+01 -5e+01 -5e+01 -5e+01 -5e+01 -5e+01 -5e+01 -5e+01 -5e+01 -5e+01 -5e+01
-5e+01 -5e+01 -5e+01 -5e+01 -5e+01 -5e+01 -5e+01 -5e+01 -5e+01 -5e+01 -5e+01 -5e+01 -5e+01 -5e+01 -5e+01 -5e+01 -5e+01 -5e+01 -5e+01 -5e+01 -5e+01 -5e+01 -5e+01 -5e+01 -5e+01 -5e+01 -5e+01 -5e+01 -5e+01 -5e+01
